400.000 401.000 402.000 403.000 404.000 405.000 406.000 407.000 408.000 409.000 410.000 411.000 412.000 413.000 414.000 415.000 416.000 417.000 418.000 419.000 420.000 421.000 422.000 423.000 424.000 425.000 426.000 427.000 428.000 429.000 430.000 431.000 432.000 433.000 434.000 435.000 436.000 437.000 438.000 439.000 440.000 441.000 442.000 443.000 444.000 445.000 446.000 447.000 448.000 449.000 450.000 451.000 452.000 453.000 454.000 455.000 456.000 457.000 458.000 459.000
550.000 549.750 549.003 547.767 546.053 543.879 541.267 538.242 534.835 531.080 527.015 522.680 518.118 513.375 508.498 503.537 498.540 493.558 488.640 483.836 479.193 474.758 470.575 466.686 463.130 459.943 457.156 454.796 452.889 451.452 450.500 450.043 450.085 450.626 451.660 453.177 455.162 457.595 460.452 463.703 467.318 471.259 475.487 479.960 484.633 489.460 494.392 499.381 504.375 509.326 514.183 518.899 523.426 527.719 531.735 535.433 538.778 541.736 544.276 546.374
300.000 300.000 300.000 300.000 300.000 300.000 300.000 300.000 300.000 300.000 300.000 300.000 300.000 300.000 300.000 300.000 300.000 300.000 300.000 300.000 300.000 300.000 300.000 300.000 300.000 300.000 300.000 300.000 300.000 300.000 300.000 300.000 300.000 300.000 300.000 300.000 300.000 300.000 300.000 300.000 300.000 300.000 300.000 300.000 300.000 300.000 300.000 300.000 300.000 300.000 300.000 300.000 300.000 300.000 300.000 300.000 300.000 300.000 300.000 300.000
350.000 350.500 351.000 351.500 352.000 352.500 353.000 353.500 354.000 354.500 355.000 355.500 356.000 356.500 357.000 357.500 358.000 358.500 359.000 359.500 360.000 360.500 361.000 361.500 362.000 362.500 363.000 363.500 364.000 364.500 365.000 365.500 366.000 366.500 367.000 367.500 368.000 368.500 369.000 369.500 370.000 370.500 371.000 371.500 372.000 372.500 373.000 373.500 374.000 374.500 375.000 375.500 376.000 376.500 377.000 377.500 378.000 378.500 379.000 379.500
450.000 455.960 461.683 466.939 471.521 475.244 477.961 479.563 479.987 479.215 477.279 474.255 470.264 465.465 460.050 454.234 448.249 442.334 436.724 431.644 427.296 423.853 421.452 420.189 420.115 421.232 423.496 426.817 431.062 436.062 441.618 447.507 453.496 459.346 464.823 469.710 473.810 476.961 479.038 479.956 479.681 478.222 475.638 472.032 467.548 462.364 456.687 450.743 444.770 439.006 433.679 429.004 425.165 422.317 420.572 420.000 420.625 422.420 425.315 429.194
50.000 50.000 50.000 50.000 50.000 50.000 50.000 50.000 50.000 50.000 50.000 50.000 50.000 50.000 50.000 50.000 50.000 50.000 50.000 50.000 50.000 50.000 50.000 50.000 50.000 50.000 50.000 50.000 50.000 50.000 50.000 50.000 50.000 50.000 50.000 50.000 50.000 50.000 50.000 50.000 50.000 50.000 50.000 50.000 50.000 50.000 50.000 50.000 50.000 50.000 50.000 50.000 50.000 50.000 50.000 50.000 50.000 50.000 50.000 50.000
200.000 204.992 209.933 214.776 219.471 223.971 228.232 232.211 235.868 239.166 242.074 244.560 246.602 248.178 249.272 249.875 249.979 249.583 248.692 247.315 245.465 243.160 240.425 237.285 233.773 229.924 225.775 221.369 216.749 211.962 207.056 202.079 197.081 192.113 187.223 182.461 177.874 173.508 169.407 165.612 162.160 159.086 156.421 154.192 152.420 151.123 150.315 150.004 150.192 150.877 152.054 153.709 155.827 158.387 161.362 164.723 168.437 172.466 176.770 181.306
-100.000 -100.000 -100.000 -100.000 -100.000 -100.000 -100.000 -100.000 -100.000 -100.000 -100.000 -100.000 -100.000 -100.000 -100.000 -100.000 -100.000 -100.000 -100.000 -100.000 -100.000 -100.000 -100.000 -100.000 -100.000 -100.000 -100.000 -100.000 -100.000 -100.000 -100.000 -100.000 -100.000 -100.000 -100.000 -100.000 -100.000 -100.000 -100.000 -100.000 -100.000 -100.000 -100.000 -100.000 -100.000 -100.000 -100.000 -100.000 -100.000 -100.000 -100.000 -100.000 -100.000 -100.000 -100.000 -100.000 -100.000 -100.000 -100.000 -100.000
300.000 299.500 299.000 298.500 298.000 297.500 297.000 296.500 296.000 295.500 295.000 294.500 294.000 293.500 293.000 292.500 292.000 291.500 291.000 290.500 290.000 289.500 289.000 288.500 288.000 287.500 287.000 286.500 286.000 285.500 285.000 284.500 284.000 283.500 283.000 282.500 282.000 281.500 281.000 280.500 280.000 279.500 279.000 278.500 278.000 277.500 277.000 276.500 276.000 275.500 275.000 274.500 274.000 273.500 273.000 272.500 272.000 271.500 271.000 270.500
-200.000 -199.700 -199.400 -199.100 -198.800 -198.500 -198.200 -197.900 -197.600 -197.300 -197.000 -196.700 -196.400 -196.100 -195.800 -195.500 -195.200 -194.900 -194.600 -194.300 -194.000 -193.700 -193.400 -193.100 -192.800 -192.500 -192.200 -191.900 -191.600 -191.300 -191.000 -190.700 -190.400 -190.100 -189.800 -189.500 -189.200 -188.900 -188.600 -188.300 -188.000 -187.700 -187.400 -187.100 -186.800 -186.500 -186.200 -185.900 -185.600 -185.300 -185.000 -184.700 -184.400 -184.100 -183.800 -183.500 -183.200 -182.900 -182.600 -182.300
